%YAML:1.0

cam0:
  T_cam_imu:
    - [-0.0000000, -1.0000000, 0.0000000, -0.091422]
    - [0.4694716, -0.0000000, -0.8829476, -0.024722]
    - [0.8829476, 0.0000000, 0.4694716, -0.055073]
    - [0.0, 0.0, 0.0, 1.0]

  # T_cam_imu:
  #   - [-0.0000000, 0.4694716, 0.8829476, 0.091422]
  #   - [-1.0000000, -0.0000000, 0.0000000, 0.024722]
  #   - [0.0000000, -0.8829476, 0.4694716, 0.055073]
  #   - [0.0, 0.0, 0.0, 1.0]

  cam_overlaps: []
  camera_model: pinhole
  distortion_coeffs: [-0.25894229675073394, 0.07570608009984289, 7.078987837601236e-05, -2.271220076239573e-05, -0.010196139812036596]
  distortion_model: equidistant
  intrinsics: [286.71469312178044, 383.2221537522858, 316.9925488921773, 206.62347762827878]
  resolution: [640, 480]
  rostopic: /drone/rgb/image_raw
  timeshift_cam_imu: 0.0


