%YAML:1.0

cam0:
  T_cam_imu:
    - [-0.021118526731261213, 0.9995603140164969, -0.020813132199282547, 0.042490486767594426]
    - [0.9997711638063013, 0.021184830939549513, 0.0029703466899197, 0.023549859070438273]
    - [0.0034099633570782908, -0.020745640055358918, -0.9997789708573582, -0.027342609827089005]
    - [0.0, 0.0, 0.0, 1.0]
  cam_overlaps: []
  camera_model: pinhole
  distortion_coeffs: [0.19777651670788252, -0.6383036562967015, 1.3565779031241798, -0.942200736967337]
  distortion_model: equidistant
  intrinsics: [776.8970539144791, 772.4259198164827, 609.817522706296, 360.1302761558209]
  resolution: [1280, 720]
  rostopic: /oak/rgb/image_raw
  timeshift_cam_imu: -0.0037127101479201546


